
state={
	id=220
	name="STATE_220"
	manpower = 5902563
	
	state_category = town
	resources={
		aluminium=14
		chromium=11
		oil=10
		rubber=0
		steel=25
		tungsten=16
	}

	history={
		
		
		buildings = {
			infrastructure = 1
			
			arms_factory = 0
			industrial_complex = 0
			
			5829 = {
				naval_base = 1
			}
			
		}
		
	}

	provinces={
		5735 5736 5737 5738 5739 5740 5741 5742 5743 5744 5745 5746 5747 5748 5749 5750 5751 5752 5753 5754 5755 5756 5757 5758 5759 5760 5761 5762 5763 5764 5765 5766 5767 5768 5769 5770 5771 5772 5773 5774 5775 5776 5777 5778 5779 5780 5781 5782 5783 5784 5785 5786 5787 5788 5789 5790 5791 5792 5793 5794 5795 5796 5797 5798 5799 5800 5801 5802 5803 5804 5805 5806 5807 5808 5809 5810 5811 5812 5813 5814 5815 5816 5817 5818 5819 5820 5821 5822 5823 5824 5825 5826 5827 5828 5829 5830 5831 5832 5833 5834 5835 5836 5837 5838 5839 
	}
	local_supplies=0.0 
}
