
state={
	id=338
	name="STATE_338"
	manpower = 4777242
	
	state_category = large_town
	resources={
		aluminium=6
		chromium=7
		oil=9
		rubber=0
		steel=14
		tungsten=7
	}

	history={
		
		
		buildings = {
			infrastructure = 1
			
			arms_factory = 0
			industrial_complex = 0
			dockyard = 1
			9841 = {
				naval_base = 1
			}
			
		}
		
	}

	provinces={
		9830 9831 9832 9833 9834 9835 9836 9837 9838 9839 9840 9841 9842 9843 9844 9845 9846 9847 9848 9849 9850 9851 9852 9853 9854 9855 9856 9857 9858 9859 9860 9861 9862 9863 9864 9865 9866 9867 9868 9869 9870 9871 9872 9873 9874 9875 9876 9877 9878 9879 9880 9881 9882 9883 9884 9885 9886 9887 9888 9889 9890 9891 9892 9893 9894 9895 9896 9897 9898 9899 9900 9901 9902 9903 9904 9905 9906 9907 9908 9909 9910 9911 9912 9913 9914 9915 9916 9917 9918 
	}
	local_supplies=0.0 
}
