
state={
	id=351
	name="STATE_351"
	manpower = 5742395
	
	state_category = megalopolis
	resources={
		aluminium=3
		chromium=1
		oil=2
		rubber=29
		steel=7
		tungsten=3
	}

	history={
		
		
		buildings = {
			infrastructure = 3
			
			arms_factory = 0
			industrial_complex = 2
			
			10316 = {
				naval_base = 1
			}
			
		}
		
	}

	provinces={
		10227 10228 10229 10230 10231 10232 10233 10234 10235 10236 10237 10238 10239 10240 10241 10242 10243 10244 10245 10246 10247 10248 10249 10250 10251 10252 10253 10254 10255 10256 10257 10258 10259 10260 10261 10262 10263 10264 10265 10266 10267 10268 10269 10270 10271 10272 10273 10274 10275 10276 10277 10278 10279 10280 10281 10282 10283 10284 10285 10286 10287 10288 10289 10290 10291 10292 10293 10294 10295 10296 10297 10298 10299 10300 10301 10302 10303 10304 10305 10306 10307 10308 10309 10310 10311 10312 10313 10314 10315 10316 10317 10318 10319 10320 
	}
	local_supplies=0.0 
}
