
state={
	id=453
	name="STATE_453"
	manpower = 6256436
	
	state_category = metropolis
	resources={
		aluminium=3
		chromium=7
		oil=4
		rubber=0
		steel=6
		tungsten=3
	}

	history={
		
		
		buildings = {
			infrastructure = 3
			
			arms_factory = 1
			industrial_complex = 0
			
			11704 = {
				naval_base = 1
			}
			
		}
		
	}

	provinces={
		11676 11677 11678 11679 11680 11681 11682 11683 11684 11685 11686 11687 11688 11689 11690 11691 11692 11693 11694 11695 11696 11697 11698 11699 11700 11701 11702 11703 11704 11705 11706 11707 11708 11709 11710 11711 11712 11713 11714 11715 11716 11717 11718 11719 11720 11721 11722 11723 11724 11725 11726 11727 11728 11729 11730 11731 11732 11733 11734 11735 11736 11737 11738 11739 11740 11741 11742 11743 11744 11745 11746 11747 11748 11749 11750 11751 11752 11753 11754 11755 11756 11757 11758 11759 11760 11761 11762 11763 11764 11765 11766 
	}
	local_supplies=0.0 
}
