
state={
	id=556
	name="STATE_556"
	manpower = 5370711
	
	state_category = large_town
	resources={
		aluminium=9
		chromium=13
		oil=5
		rubber=0
		steel=15
		tungsten=9
	}

	history={
		
		
		buildings = {
			infrastructure = 2
			
			arms_factory = 0
			industrial_complex = 1
			
			
		}
		
	}

	provinces={
		14319 14320 14321 14322 14323 14324 14325 14326 14327 14328 14329 14330 14331 14332 14333 14334 14335 14336 14337 14338 14339 14340 14341 14342 14343 14344 14345 14346 14347 14348 14349 14350 14351 14352 14353 14354 14355 14356 14357 14358 14359 14360 14361 14362 14363 14364 14365 14366 14367 14368 14369 14370 14371 14372 14373 14374 14375 14376 14377 14378 14379 14380 14381 14382 14383 14384 14385 14386 14387 14388 14389 14390 14391 14392 14393 14394 14395 14396 14397 14398 14399 14400 14401 14402 14403 14404 14405 14406 14407 
	}
	local_supplies=0.0 
}
