
state={
	id=608
	name="STATE_608"
	manpower = 4615767
	
	state_category = rural
	resources={
		aluminium=9
		chromium=2
		oil=8
		rubber=0
		steel=21
		tungsten=9
	}

	history={
		
		
		buildings = {
			infrastructure = 1
			
			arms_factory = 0
			industrial_complex = 1
			
			18209 = {
				naval_base = 1
			}
			
		}
		
	}

	provinces={
		18185 18186 18187 18188 18189 18190 18191 18192 18193 18194 18195 18196 18197 18198 18199 18200 18201 18202 18203 18204 18205 18206 18207 18208 18209 18210 18211 18212 18213 18214 18215 18216 18217 18218 18219 18220 18221 18222 18223 18224 18225 18226 18227 18228 18229 18230 18231 18232 18233 18234 18235 18236 18237 18238 18239 18240 18241 18242 18243 18244 18245 18246 18247 18248 18249 18250 18251 18252 18253 18254 18255 18256 18257 18258 18259 18260 18261 18262 18263 18264 18265 18266 18267 18268 18269 18270 18271 18272 18273 18274 
	}
	local_supplies=0.0 
}
