strategic_region={
	id=77
	name="STRATEGICREGION_77"
	provinces={
		2617 2618 2619 2620 2621 2622 2623 2624 2625 2626 2627 2628 2629 2630 2631 2632 2633 2634 2635 2636 2637 2638 2639 2640 2641 2642 2643 2644 2645 2646 2647 2648 2649 2650 2651 2652 2653 2654 2655 2656 2657 2658 2659 2660 2661 2662 2663 2664 2665 2666 2667 2668 2669 2670 2671 2672 2673 2674 2675 2676 2677 2678 2679 2680 2681 2682 2683 2684 2685 2686 2687 2688 2689 2690 2691 2692 2693 2694 2695 2696 2697 2698 2699 2700 2701 2702 2703 2704 2705 2706 2707 2708 2709 2710 2711 2712 2713 2714 2715 2716 2717 2718 2719 2720 14319 14320 14321 14322 14323 14324 14325 14326 14327 14328 14329 14330 14331 14332 14333 14334 14335 14336 14337 14338 14339 14340 14341 14342 14343 14344 14345 14346 14347 14348 14349 14350 14351 14352 14353 14354 14355 14356 14357 14358 14359 14360 14361 14362 14363 14364 14365 14366 14367 14368 14369 14370 14371 14372 14373 14374 14375 14376 14377 14378 14379 14380 14381 14382 14383 14384 14385 14386 14387 14388 14389 14390 14391 14392 14393 14394 14395 14396 14397 14398 14399 14400 14401 14402 14403 14404 14405 14406 14407 5735 5736 5737 5738 5739 5740 5741 5742 5743 5744 5745 5746 5747 5748 5749 5750 5751 5752 5753 5754 5755 5756 5757 5758 5759 5760 5761 5762 5763 5764 5765 5766 5767 5768 5769 5770 5771 5772 5773 5774 5775 5776 5777 5778 5779 5780 5781 5782 5783 5784 5785 5786 5787 5788 5789 5790 5791 5792 5793 5794 5795 5796 5797 5798 5799 5800 5801 5802 5803 5804 5805 5806 5807 5808 5809 5810 5811 5812 5813 5814 5815 5816 5817 5818 5819 5820 5821 5822 5823 5824 5825 5826 5827 5828 5829 5830 5831 5832 5833 5834 5835 5836 5837 5838 5839 9502 9503 9504 9505 9506 9507 9508 9509 9510 9511 9512 9513 9514 9515 9516 9517 9518 15894 15895 15896 15897 15898 15899 15900 15901 15902 15903 15904 15905 15906 15907 15908 15909 15910 15911 15912 15913 15914 15915 15916 15917 15918 15919 15920 15921 15922 15923 15924 15925 15926 15927 15928 15929 15930 15931 15932 15933 15934 15935 15936 15937 15938 15939 15940 15941 15942 10087 18367 18368 18369 18370 18371 18372 18373 18374 18375 18376 18377 18378 18379 18380 18381 18382 18383 18384 18385 18386 18387 18388 18389 18390 18391 18392 18393 18394 18395 18396 18397 18398 18399 18400 18401 18402 18403 18404 18405 18406 18407 18408 18409 18410 18411 18412 18413 18414 18415 18416 18417 18418 18419 18420 18421 18422 18423 18424 18425 18170 18171 18172 18173 18174 18175 18176 18177 18178 18179 18180 18181 18182 18183 18184 18185 18186 18187 18188 18189 18190 18191 18192 18193 18194 18195 
	}
	
	weather={
		period={
			between={ 0.0 30.0 }
			temperature={ -2.00 -1.00 }
			no_phenomenon=0.765685
			rain_light=0.160446
			rain_heavy=0.055995
			snow=0.017874
			blizzard=0.000000
			arctic_water=0.000
			mud=0.027244
			sandstorm=0.000000
			min_snow_level=0.000
		}
		period={
			between={ 0.1 27.1 }
			temperature={ 2.000 3.000 }
			no_phenomenon=0.783560
			rain_light=0.148710
			rain_heavy=0.067730
			snow=0.000000
			blizzard=0.000000
			arctic_water=0.000
			mud=0.028417
			sandstorm=0.000000
			min_snow_level=0.000
		}
		period={
			between={ 0.2 30.2 }
			temperature={ 6.000 7.000 }
			no_phenomenon=0.783560
			rain_light=0.136975
			rain_heavy=0.079466
			snow=0.000000
			blizzard=0.000000
			arctic_water=0.000
			mud=0.029591
			sandstorm=0.000000
			min_snow_level=0.000
		}
		period={
			between={ 0.3 29.3 }
			temperature={ 9.000 11.00 }
			no_phenomenon=0.783560
			rain_light=0.125239
			rain_heavy=0.091201
			snow=0.000000
			blizzard=0.000000
			arctic_water=0.000
			mud=0.030764
			sandstorm=0.000000
			min_snow_level=0.000
		}
		period={
			between={ 0.4 30.4 }
			temperature={ 13.00 15.00 }
			no_phenomenon=0.783560
			rain_light=0.113503
			rain_heavy=0.102937
			snow=0.000000
			blizzard=0.000000
			arctic_water=0.000
			mud=0.031938
			sandstorm=0.000000
			min_snow_level=0.000
		}
		period={
			between={ 0.5 29.5 }
			temperature={ 17.00 18.00 }
			no_phenomenon=0.783560
			rain_light=0.101768
			rain_heavy=0.114672
			snow=0.000000
			blizzard=0.000000
			arctic_water=0.000
			mud=0.033111
			sandstorm=0.000000
			min_snow_level=0.000
		}
		period={
			between={ 0.6 30.6 }
			temperature={ 21.00 22.00 }
			no_phenomenon=0.783560
			rain_light=0.090032
			rain_heavy=0.126408
			snow=0.000000
			blizzard=0.000000
			arctic_water=0.000
			mud=0.034285
			sandstorm=0.000000
			min_snow_level=0.000
		}
		period={
			between={ 0.7 30.7 }
			temperature={ 17.00 18.00 }
			no_phenomenon=0.783560
			rain_light=0.101768
			rain_heavy=0.114672
			snow=0.000000
			blizzard=0.000000
			arctic_water=0.000
			mud=0.033111
			sandstorm=0.000000
			min_snow_level=0.000
		}
		period={
			between={ 0.8 29.8 }
			temperature={ 13.00 15.00 }
			no_phenomenon=0.783560
			rain_light=0.113503
			rain_heavy=0.102937
			snow=0.000000
			blizzard=0.000000
			arctic_water=0.000
			mud=0.031938
			sandstorm=0.000000
			min_snow_level=0.000
		}
		period={
			between={ 0.9 30.9 }
			temperature={ 9.000 11.00 }
			no_phenomenon=0.783560
			rain_light=0.125239
			rain_heavy=0.091201
			snow=0.000000
			blizzard=0.000000
			arctic_water=0.000
			mud=0.030764
			sandstorm=0.000000
			min_snow_level=0.000
		}
		period={
			between={ 0.10 29.10 }
			temperature={ 6.000 7.000 }
			no_phenomenon=0.783560
			rain_light=0.136975
			rain_heavy=0.079466
			snow=0.000000
			blizzard=0.000000
			arctic_water=0.000
			mud=0.029591
			sandstorm=0.000000
			min_snow_level=0.000
		}
		period={
			between={ 0.11 30.11 }
			temperature={ 2.000 3.000 }
			no_phenomenon=0.783560
			rain_light=0.148710
			rain_heavy=0.067730
			snow=0.000000
			blizzard=0.000000
			arctic_water=0.000
			mud=0.028417
			sandstorm=0.000000
			min_snow_level=0.000
		}
		
	}
}
